/gpfs/main/home/scrisant/research/ms_dnaSeqSim/msdir/ms 4 10 -t 5.0 -s 500 
39636 6076 56965

//
prob: 0
segsites: 500
positions: 0.0033 0.0038 0.0044 0.0052 0.0054 0.0087 0.0104 0.0105 0.0114 0.0130 0.0142 0.0171 0.0190 0.0265 0.0280 0.0284 0.0286 0.0298 0.0303 0.0310 0.0312 0.0334 0.0342 0.0353 0.0355 0.0398 0.0419 0.0445 0.0463 0.0463 0.0473 0.0502 0.0531 0.0534 0.0557 0.0578 0.0580 0.0588 0.0596 0.0597 0.0632 0.0688 0.0714 0.0727 0.0742 0.0781 0.0803 0.0811 0.0849 0.0873 0.0880 0.0901 0.0908 0.0925 0.0935 0.0939 0.0973 0.0983 0.1024 0.1045 0.1081 0.1113 0.1120 0.1193 0.1196 0.1281 0.1295 0.1330 0.1350 0.1360 0.1373 0.1404 0.1428 0.1439 0.1454 0.1469 0.1497 0.1507 0.1509 0.1564 0.1564 0.1610 0.1661 0.1692 0.1693 0.1698 0.1704 0.1712 0.1768 0.1789 0.1806 0.1824 0.1841 0.1852 0.1861 0.1864 0.1878 0.1884 0.1890 0.1912 0.1941 0.1947 0.1950 0.1961 0.1981 0.2003 0.2019 0.2042 0.2061 0.2098 0.2102 0.2111 0.2182 0.2186 0.2213 0.2226 0.2300 0.2308 0.2350 0.2369 0.2399 0.2401 0.2402 0.2404 0.2449 0.2480 0.2485 0.2487 0.2528 0.2531 0.2592 0.2601 0.2604 0.2639 0.2664 0.2692 0.2707 0.2720 0.2723 0.2788 0.2814 0.2828 0.2835 0.2845 0.2881 0.2895 0.2896 0.2919 0.2943 0.2948 0.2992 0.3012 0.3038 0.3039 0.3044 0.3191 0.3194 0.3212 0.3237 0.3251 0.3266 0.3330 0.3351 0.3414 0.3423 0.3430 0.3454 0.3464 0.3472 0.3476 0.3477 0.3477 0.3618 0.3630 0.3635 0.3645 0.3645 0.3659 0.3659 0.3692 0.3698 0.3709 0.3726 0.3755 0.3760 0.3783 0.3809 0.3811 0.3811 0.3833 0.3843 0.3904 0.3916 0.3943 0.3949 0.3957 0.3970 0.3979 0.4043 0.4075 0.4086 0.4131 0.4156 0.4161 0.4197 0.4198 0.4207 0.4220 0.4224 0.4234 0.4271 0.4274 0.4283 0.4358 0.4374 0.4431 0.4433 0.4434 0.4481 0.4491 0.4546 0.4548 0.4556 0.4559 0.4568 0.4569 0.4627 0.4629 0.4644 0.4685 0.4685 0.4707 0.4750 0.4786 0.4788 0.4792 0.4818 0.4822 0.4824 0.4859 0.4860 0.4876 0.4928 0.4934 0.4940 0.4952 0.4959 0.4991 0.5000 0.5011 0.5018 0.5066 0.5068 0.5081 0.5093 0.5098 0.5132 0.5168 0.5171 0.5173 0.5187 0.5215 0.5247 0.5261 0.5275 0.5302 0.5318 0.5321 0.5331 0.5343 0.5369 0.5396 0.5397 0.5402 0.5413 0.5414 0.5416 0.5455 0.5475 0.5479 0.5487 0.5488 0.5548 0.5551 0.5562 0.5582 0.5614 0.5616 0.5637 0.5638 0.5659 0.5665 0.5676 0.5705 0.5706 0.5708 0.5711 0.5760 0.5785 0.5815 0.5911 0.5935 0.5969 0.5983 0.6006 0.6025 0.6026 0.6042 0.6050 0.6081 0.6093 0.6093 0.6104 0.6114 0.6181 0.6241 0.6287 0.6290 0.6307 0.6341 0.6486 0.6487 0.6499 0.6506 0.6515 0.6548 0.6564 0.6565 0.6617 0.6621 0.6657 0.6684 0.6717 0.6720 0.6726 0.6751 0.6771 0.6808 0.6811 0.6813 0.6821 0.6842 0.6846 0.6865 0.6865 0.6879 0.6879 0.6926 0.6933 0.6937 0.6946 0.6962 0.6982 0.6983 0.7018 0.7029 0.7040 0.7117 0.7128 0.7139 0.7142 0.7163 0.7173 0.7198 0.7208 0.7211 0.7217 0.7262 0.7270 0.7277 0.7294 0.7314 0.7318 0.7333 0.7346 0.7351 0.7361 0.7393 0.7420 0.7431 0.7541 0.7572 0.7587 0.7611 0.7625 0.7643 0.7656 0.7684 0.7691 0.7702 0.7724 0.7736 0.7830 0.7861 0.7909 0.7910 0.7925 0.7957 0.7969 0.7986 0.7990 0.8035 0.8072 0.8105 0.8125 0.8134 0.8171 0.8184 0.8211 0.8245 0.8298 0.8345 0.8361 0.8371 0.8372 0.8479 0.8479 0.8495 0.8514 0.8542 0.8554 0.8579 0.8581 0.8596 0.8601 0.8656 0.8658 0.8662 0.8675 0.8683 0.8715 0.8744 0.8757 0.8762 0.8777 0.8781 0.8782 0.8794 0.8805 0.8829 0.8871 0.8875 0.8899 0.8922 0.8955 0.8959 0.8977 0.8980 0.8989 0.8997 0.9004 0.9012 0.9025 0.9028 0.9035 0.9074 0.9110 0.9127 0.9141 0.9149 0.9166 0.9167 0.9176 0.9192 0.9197 0.9211 0.9234 0.9235 0.9338 0.9387 0.9395 0.9414 0.9529 0.9542 0.9547 0.9552 0.9599 0.9600 0.9604 0.9608 0.9625 0.9634 0.9642 0.9673 0.9720 0.9745 0.9758 0.9760 0.9763 0.9811 0.9814 0.9819 0.9856 0.9857 0.9871 0.9917 0.9928 0.9964 0.9969 0.9989 
01000110010111110111000000011001100100010001000100100001100011010011010010001000000000101001011110100011101010101100010100100101011011110100000001100000000101011110100011101010001110111111100111000000011000100001110101001001011010110011011011110111000001101010101011000100000001000000100010111010000100100100001100010001011001100001000001000101001000111111011010010110001100000001101000000000000001011000001101101001101100000001010110010000011000000110001111101100111101010100000100010000110011100100
10111000100000001000101111000010000011101110100010011110011000100100101101110011001101000010000001011000010101010011001011011000100000000011111110001010110010000001010100010101010000000000011000111011000001001110001010110100100101001000100000001000111100010101010000101001111110101011011001000101011011011011110010000100100000001010111010011010110111000000100100001001110011111100010011111111111110000111110000010110010011110100100000001011000110011000110000010011000010101011111011000111001100001001
01000111000101010111010000101101110000000001000100100001100101011011010010001100110010111000000010100101101010101100110100000100001110100100000000110101000101111110101001101000100111101011100011000000000100000001100100001001011010010111001110110011000001101010000010000010000001000100000000110010000100100100001101111011011111110101000100100001001000011111011011000110000000000010101100000000000001001000001011101000101100001011011100100100110000000111000101101100101000010000000100100000110000110110
01000110011111010111000000011001101100010001011101100001100011010011010010001000000000101101101110100011101010101100010100100110011011101100000001100000001101011110100011101010001110101111100111000100111010110001110101001011011010110011011010110111000011101010101111010100000001010000100110111010100100100100001100010001011001100001000001000101001000111111011010110110001100000001101000000000000001111000001101101001101100000001010111010000010001100110000111101100111001010100000100011000110010100100

//
prob: 0
segsites: 500
positions: 0.0016 0.0041 0.0042 0.0088 0.0090 0.0102 0.0117 0.0123 0.0131 0.0144 0.0176 0.0185 0.0188 0.0201 0.0205 0.0238 0.0262 0.0283 0.0318 0.0350 0.0354 0.0393 0.0408 0.0419 0.0575 0.0596 0.0609 0.0609 0.0622 0.0652 0.0675 0.0711 0.0757 0.0816 0.0820 0.0841 0.0861 0.0875 0.0880 0.0885 0.0911 0.0912 0.0925 0.0963 0.0969 0.0987 0.0997 0.1048 0.1103 0.1120 0.1134 0.1155 0.1168 0.1199 0.1214 0.1216 0.1229 0.1263 0.1298 0.1327 0.1361 0.1393 0.1397 0.1429 0.1433 0.1451 0.1469 0.1471 0.1484 0.1492 0.1544 0.1548 0.1580 0.1582 0.1600 0.1639 0.1644 0.1653 0.1693 0.1713 0.1725 0.1738 0.1753 0.1776 0.1801 0.1810 0.1831 0.1833 0.1882 0.1885 0.1896 0.1919 0.1922 0.1942 0.1995 0.2001 0.2005 0.2031 0.2044 0.2113 0.2124 0.2160 0.2184 0.2222 0.2238 0.2255 0.2277 0.2287 0.2290 0.2350 0.2388 0.2398 0.2412 0.2469 0.2470 0.2488 0.2488 0.2491 0.2499 0.2521 0.2529 0.2540 0.2550 0.2552 0.2571 0.2585 0.2604 0.2635 0.2641 0.2697 0.2717 0.2770 0.2782 0.2798 0.2802 0.2810 0.2811 0.2826 0.2830 0.2842 0.2845 0.2882 0.2908 0.2909 0.2910 0.2912 0.2916 0.2921 0.2967 0.2988 0.3009 0.3042 0.3065 0.3125 0.3138 0.3139 0.3158 0.3176 0.3198 0.3236 0.3286 0.3310 0.3311 0.3343 0.3352 0.3378 0.3388 0.3437 0.3445 0.3476 0.3522 0.3565 0.3603 0.3612 0.3630 0.3638 0.3656 0.3663 0.3675 0.3681 0.3704 0.3705 0.3713 0.3739 0.3758 0.3823 0.3830 0.3851 0.3858 0.3860 0.3965 0.3974 0.3999 0.4000 0.4012 0.4015 0.4035 0.4035 0.4037 0.4046 0.4053 0.4066 0.4099 0.4112 0.4112 0.4161 0.4166 0.4179 0.4182 0.4191 0.4219 0.4245 0.4251 0.4261 0.4294 0.4306 0.4334 0.4337 0.4342 0.4426 0.4428 0.4442 0.4487 0.4494 0.4532 0.4599 0.4605 0.4608 0.4623 0.4647 0.4663 0.4667 0.4671 0.4674 0.4706 0.4715 0.4754 0.4759 0.4780 0.4782 0.4791 0.4792 0.4803 0.4806 0.4842 0.4889 0.4890 0.4906 0.4915 0.4917 0.4960 0.4965 0.4982 0.4998 0.5009 0.5013 0.5015 0.5029 0.5035 0.5089 0.5098 0.5125 0.5145 0.5206 0.5220 0.5257 0.5262 0.5271 0.5283 0.5307 0.5336 0.5356 0.5361 0.5381 0.5396 0.5406 0.5421 0.5422 0.5424 0.5432 0.5435 0.5443 0.5481 0.5481 0.5486 0.5490 0.5505 0.5506 0.5520 0.5559 0.5560 0.5564 0.5568 0.5594 0.5627 0.5639 0.5644 0.5646 0.5685 0.5697 0.5701 0.5702 0.5702 0.5761 0.5771 0.5777 0.5784 0.5793 0.5821 0.5853 0.5871 0.5918 0.5931 0.5945 0.5959 0.6039 0.6049 0.6062 0.6074 0.6133 0.6194 0.6195 0.6199 0.6212 0.6225 0.6260 0.6281 0.6286 0.6308 0.6310 0.6370 0.6421 0.6434 0.6437 0.6440 0.6445 0.6525 0.6562 0.6612 0.6624 0.6654 0.6667 0.6679 0.6681 0.6682 0.6711 0.6735 0.6757 0.6773 0.6777 0.6781 0.6788 0.6859 0.6861 0.6864 0.6961 0.6964 0.6979 0.6985 0.6990 0.6993 0.7001 0.7009 0.7097 0.7125 0.7132 0.7144 0.7154 0.7194 0.7206 0.7237 0.7251 0.7254 0.7254 0.7266 0.7319 0.7353 0.7391 0.7405 0.7409 0.7423 0.7435 0.7444 0.7451 0.7475 0.7503 0.7505 0.7519 0.7596 0.7596 0.7613 0.7620 0.7623 0.7657 0.7694 0.7709 0.7715 0.7741 0.7767 0.7794 0.7825 0.7858 0.7859 0.7860 0.7875 0.7895 0.7986 0.8017 0.8030 0.8030 0.8084 0.8088 0.8119 0.8141 0.8165 0.8216 0.8256 0.8313 0.8318 0.8323 0.8336 0.8336 0.8346 0.8392 0.8397 0.8415 0.8422 0.8450 0.8459 0.8472 0.8487 0.8490 0.8499 0.8501 0.8579 0.8586 0.8595 0.8615 0.8741 0.8823 0.8847 0.8849 0.8934 0.8986 0.9048 0.9051 0.9063 0.9082 0.9125 0.9141 0.9149 0.9157 0.9214 0.9216 0.9258 0.9258 0.9297 0.9310 0.9314 0.9324 0.9333 0.9377 0.9377 0.9387 0.9405 0.9415 0.9422 0.9468 0.9513 0.9515 0.9522 0.9527 0.9548 0.9594 0.9608 0.9611 0.9619 0.9674 0.9685 0.9708 0.9708 0.9727 0.9751 0.9753 0.9756 0.9756 0.9770 0.9776 0.9787 0.9790 0.9796 0.9802 0.9842 0.9854 0.9872 0.9886 0.9919 0.9937 0.9962 0.9968 
00100001100011000100000000110010110001010011000010100101001111101000011110101001000110010100001001000111100100010010010010001011100100000001110000011011000010100000101000110000000111000110000001110100011100001100001000000000001010100000000100100001110001110000101000100110000000000000000011110100000101000010001100001000110010000010000000000110000010110000001010000000010100001011101100010000001000011010101000100000010010100100000000110000100100001101010010100100000010000100000010010100000010110010
01000110000000110000100101001000000110001000100001010000100000000010100001010110000001100010000000001000001010100100000000010000010001100000001111100100001100010011010000000100110000001001000110000001100010000000110000010001110000011010000000000100001100000010000001000001011011100000000000000001101000011000100000010100000001010000001111000001100000000101110000010001000010010100010010001010010000000100010001001010001000000000000010000110010001100000000000000010110000101010010001000000011000000100
10000010000000000010000111001000000110100100100101011000100000010010100000010000000001100011110010101000001010100000000000010100010000100000001000000000100100011111000101000000001000000000100110000000100010010001110110101011110001000001000001001100001110000010000001011001000000000101010000000011010000001101000000000010000100001100001001100001001001000000000101101100000000010100000000101011010000100001010100010000100001010010000001001100000001000000100001000010100000100011110101000001001001001100
00011010011100001001011000000101001000000000111000000010010000000101100000000000111000001000000100011000010001001001101101100000011010011110000000000000010001000000000010001011000000110000011100001010000001100010100001000101000100000100111010010010001100001101010110000000100100011010101100001000000010100000010011100001001000100001111000011000010100001010000000000010101001110000000001000100100111000000000010000101000100001001111100000101001010010010001100011001001101110000011000101010100100000001

//
prob: -nan
segsites: 500
positions: 0.0026 0.0036 0.0050 0.0067 0.0122 0.0122 0.0129 0.0136 0.0161 0.0168 0.0169 0.0172 0.0183 0.0183 0.0221 0.0232 0.0240 0.0243 0.0257 0.0271 0.0285 0.0313 0.0325 0.0336 0.0343 0.0363 0.0369 0.0386 0.0420 0.0421 0.0428 0.0445 0.0470 0.0497 0.0499 0.0534 0.0581 0.0610 0.0629 0.0638 0.0647 0.0652 0.0685 0.0701 0.0712 0.0720 0.0751 0.0755 0.0758 0.0771 0.0777 0.0785 0.0840 0.0845 0.0860 0.0875 0.0963 0.0970 0.0975 0.1030 0.1051 0.1064 0.1072 0.1078 0.1106 0.1148 0.1202 0.1238 0.1278 0.1333 0.1367 0.1392 0.1407 0.1429 0.1441 0.1452 0.1460 0.1487 0.1506 0.1555 0.1572 0.1631 0.1652 0.1664 0.1670 0.1678 0.1701 0.1720 0.1735 0.1736 0.1746 0.1769 0.1784 0.1787 0.1807 0.1810 0.1837 0.1854 0.1859 0.1875 0.1954 0.1989 0.2002 0.2019 0.2026 0.2045 0.2075 0.2134 0.2158 0.2240 0.2253 0.2284 0.2289 0.2320 0.2325 0.2361 0.2410 0.2440 0.2445 0.2456 0.2476 0.2485 0.2492 0.2506 0.2520 0.2530 0.2538 0.2660 0.2676 0.2678 0.2715 0.2719 0.2798 0.2808 0.2912 0.2940 0.2944 0.2951 0.2952 0.2954 0.2969 0.2974 0.2993 0.3000 0.3007 0.3023 0.3023 0.3092 0.3100 0.3123 0.3137 0.3159 0.3164 0.3222 0.3233 0.3245 0.3254 0.3281 0.3285 0.3306 0.3311 0.3317 0.3326 0.3341 0.3354 0.3359 0.3365 0.3370 0.3474 0.3478 0.3479 0.3545 0.3549 0.3552 0.3574 0.3588 0.3603 0.3610 0.3610 0.3625 0.3635 0.3639 0.3663 0.3712 0.3730 0.3770 0.3770 0.3783 0.3852 0.3858 0.3866 0.3866 0.3875 0.3877 0.3918 0.3941 0.3952 0.3953 0.3970 0.4042 0.4052 0.4053 0.4067 0.4092 0.4114 0.4122 0.4143 0.4165 0.4207 0.4209 0.4212 0.4230 0.4263 0.4292 0.4294 0.4304 0.4321 0.4322 0.4329 0.4349 0.4364 0.4366 0.4375 0.4381 0.4382 0.4386 0.4387 0.4402 0.4419 0.4439 0.4447 0.4452 0.4481 0.4541 0.4549 0.4552 0.4651 0.4687 0.4687 0.4689 0.4717 0.4733 0.4753 0.4765 0.4806 0.4814 0.4826 0.4837 0.4859 0.4880 0.4887 0.4901 0.4918 0.4945 0.4958 0.4975 0.4980 0.4982 0.5004 0.5034 0.5037 0.5065 0.5105 0.5107 0.5128 0.5139 0.5141 0.5224 0.5261 0.5305 0.5325 0.5349 0.5355 0.5399 0.5438 0.5441 0.5463 0.5476 0.5478 0.5513 0.5540 0.5553 0.5574 0.5601 0.5609 0.5625 0.5630 0.5660 0.5678 0.5694 0.5720 0.5774 0.5780 0.5780 0.5817 0.5845 0.5851 0.5858 0.5881 0.5907 0.5986 0.5995 0.6011 0.6056 0.6061 0.6090 0.6099 0.6146 0.6148 0.6162 0.6233 0.6235 0.6253 0.6262 0.6267 0.6291 0.6304 0.6313 0.6319 0.6347 0.6350 0.6380 0.6383 0.6387 0.6402 0.6438 0.6445 0.6445 0.6493 0.6503 0.6511 0.6514 0.6517 0.6529 0.6551 0.6573 0.6587 0.6591 0.6604 0.6612 0.6616 0.6633 0.6664 0.6680 0.6741 0.6743 0.6767 0.6773 0.6786 0.6849 0.6873 0.6884 0.6923 0.6932 0.6937 0.6937 0.6956 0.6980 0.7149 0.7192 0.7201 0.7231 0.7268 0.7281 0.7287 0.7325 0.7333 0.7371 0.7380 0.7381 0.7382 0.7383 0.7389 0.7392 0.7396 0.7451 0.7491 0.7507 0.7519 0.7534 0.7588 0.7616 0.7638 0.7660 0.7692 0.7727 0.7756 0.7770 0.7779 0.7825 0.7855 0.7858 0.7870 0.7892 0.7896 0.7948 0.7969 0.7983 0.8068 0.8131 0.8136 0.8138 0.8158 0.8158 0.8188 0.8189 0.8190 0.8208 0.8209 0.8253 0.8285 0.8302 0.8310 0.8332 0.8334 0.8352 0.8403 0.8407 0.8417 0.8442 0.8465 0.8469 0.8509 0.8563 0.8565 0.8579 0.8591 0.8596 0.8599 0.8623 0.8630 0.8664 0.8692 0.8695 0.8717 0.8735 0.8779 0.8796 0.8809 0.8829 0.8829 0.8885 0.8920 0.8948 0.9008 0.9009 0.9025 0.9032 0.9056 0.9085 0.9088 0.9119 0.9129 0.9185 0.9222 0.9229 0.9246 0.9251 0.9261 0.9289 0.9328 0.9338 0.9345 0.9350 0.9399 0.9400 0.9400 0.9440 0.9442 0.9500 0.9503 0.9504 0.9530 0.9545 0.9551 0.9566 0.9574 0.9583 0.9587 0.9593 0.9605 0.9625 0.9648 0.9670 0.9678 0.9688 0.9697 0.9740 0.9769 0.9793 0.9817 0.9855 0.9884 0.9902 0.9929 0.9947 0.9956 0.9977 0.9980 0.9990 
11001011000110001111010000000001000100100100101100111100001100001000010101110101000110111001000011000100011100110000000010100101010100001001011001110000011010011011000100001001101010010011010111000001111001011100101010100000111100101011010000000011001000110011000000000100100000010000100001000000110010100000010001000100010000010101101011010101101000000000000100001000010111010101000101100110010001100010011010000000000000000001110100101100000110000111001000000100111000000111000110110010100000000100
01011010011001101111010001101101001000100100000010111010000101001000001100101101001100011010001011110101000100110000011000001000100001001100010000000100100010010110001010101000100000000001110010000000000101000100100110111011101100010011010000001001001000001000000000101001000010101100100100000111010000010010000000100101100010001000110010010101100010110101000101000000010000000111001110111000001010100010101010100110101000001001100000100000010101000011001111110001010101010100101011100011010100010000
01011010011000101111010001101101001000100100000011111010000101001000001100101101011100011010001011110101000100110000011000001000100000001100010000000100100010010110001010101000100000000001110010000000000001000100100110111011101100010011010000011001001000001000000000101001000010101100101100000111010000010010000000000101100010001000110010010101100010110101000101100000010000000111001110111000001010100110101010000111100001001001100000100000010101101011001101110001010101010100101011100011010100010000
00100100100000010000101110010010110011011011010000000001110010110111100010000010100001000100110100001010100011001111100101010010001010110010100110001011000101100000110001010110010101101100001000111110000010100011010001000100000011000100101111100100110111000100111111010010011101000011010010111000001101001101101110011010001101100010000100101010010101001010111010010111101000101000110000000001100100011001000101011000010110110110001011010011101000010000110000001010000010101000010000001100001011101011

//
prob: 0
segsites: 500
positions: 0.0021 0.0026 0.0060 0.0065 0.0071 0.0078 0.0168 0.0230 0.0237 0.0240 0.0280 0.0345 0.0354 0.0384 0.0391 0.0485 0.0487 0.0499 0.0522 0.0526 0.0537 0.0571 0.0605 0.0614 0.0617 0.0636 0.0650 0.0650 0.0650 0.0653 0.0665 0.0677 0.0699 0.0735 0.0737 0.0757 0.0788 0.0820 0.0822 0.0861 0.0875 0.0883 0.0902 0.0914 0.0946 0.0955 0.0959 0.1019 0.1090 0.1103 0.1122 0.1140 0.1183 0.1184 0.1191 0.1196 0.1209 0.1240 0.1243 0.1278 0.1335 0.1360 0.1366 0.1391 0.1398 0.1423 0.1436 0.1487 0.1495 0.1512 0.1513 0.1523 0.1560 0.1625 0.1625 0.1631 0.1649 0.1674 0.1677 0.1685 0.1732 0.1741 0.1769 0.1795 0.1805 0.1825 0.1847 0.1849 0.1894 0.1918 0.1923 0.1945 0.1958 0.2008 0.2017 0.2020 0.2025 0.2112 0.2129 0.2160 0.2162 0.2170 0.2183 0.2184 0.2189 0.2195 0.2242 0.2249 0.2335 0.2345 0.2380 0.2395 0.2407 0.2408 0.2438 0.2472 0.2504 0.2507 0.2516 0.2553 0.2558 0.2600 0.2605 0.2614 0.2659 0.2670 0.2692 0.2747 0.2798 0.2822 0.2841 0.2876 0.2892 0.2913 0.2914 0.3005 0.3008 0.3020 0.3020 0.3023 0.3069 0.3075 0.3081 0.3102 0.3108 0.3140 0.3144 0.3149 0.3181 0.3186 0.3214 0.3222 0.3230 0.3240 0.3256 0.3259 0.3260 0.3262 0.3264 0.3275 0.3291 0.3294 0.3310 0.3319 0.3329 0.3340 0.3360 0.3401 0.3404 0.3421 0.3459 0.3480 0.3483 0.3497 0.3502 0.3508 0.3526 0.3532 0.3547 0.3548 0.3554 0.3563 0.3602 0.3644 0.3647 0.3648 0.3661 0.3674 0.3677 0.3739 0.3758 0.3765 0.3799 0.3812 0.3818 0.3821 0.3851 0.3859 0.3874 0.3890 0.3896 0.3899 0.3910 0.3949 0.3996 0.4030 0.4034 0.4040 0.4086 0.4134 0.4137 0.4144 0.4203 0.4214 0.4253 0.4275 0.4277 0.4300 0.4308 0.4312 0.4333 0.4372 0.4386 0.4401 0.4413 0.4468 0.4473 0.4473 0.4480 0.4482 0.4488 0.4500 0.4522 0.4546 0.4550 0.4553 0.4555 0.4575 0.4596 0.4608 0.4620 0.4636 0.4668 0.4676 0.4676 0.4678 0.4712 0.4735 0.4747 0.4751 0.4800 0.4832 0.4844 0.4854 0.4863 0.4868 0.4889 0.4891 0.4943 0.4952 0.4997 0.5002 0.5018 0.5044 0.5048 0.5063 0.5093 0.5155 0.5165 0.5176 0.5208 0.5209 0.5214 0.5236 0.5250 0.5293 0.5313 0.5314 0.5342 0.5406 0.5450 0.5461 0.5464 0.5481 0.5490 0.5523 0.5525 0.5535 0.5588 0.5614 0.5631 0.5684 0.5698 0.5705 0.5735 0.5743 0.5836 0.5846 0.5888 0.5898 0.5910 0.5942 0.6016 0.6023 0.6065 0.6095 0.6116 0.6126 0.6158 0.6161 0.6173 0.6173 0.6179 0.6205 0.6218 0.6223 0.6236 0.6237 0.6247 0.6250 0.6269 0.6274 0.6296 0.6309 0.6336 0.6355 0.6373 0.6380 0.6395 0.6434 0.6459 0.6467 0.6468 0.6500 0.6502 0.6534 0.6545 0.6570 0.6643 0.6650 0.6650 0.6673 0.6678 0.6730 0.6750 0.6750 0.6753 0.6799 0.6858 0.6872 0.6885 0.6889 0.6923 0.6926 0.6958 0.6993 0.7004 0.7090 0.7090 0.7093 0.7096 0.7097 0.7120 0.7134 0.7153 0.7200 0.7206 0.7226 0.7251 0.7261 0.7349 0.7399 0.7401 0.7446 0.7449 0.7452 0.7493 0.7504 0.7505 0.7507 0.7522 0.7569 0.7577 0.7580 0.7644 0.7646 0.7655 0.7668 0.7700 0.7731 0.7763 0.7764 0.7775 0.7802 0.7810 0.7821 0.7826 0.7858 0.7875 0.7899 0.7900 0.7921 0.7923 0.7927 0.7951 0.7952 0.8007 0.8016 0.8020 0.8029 0.8055 0.8058 0.8063 0.8072 0.8090 0.8092 0.8112 0.8143 0.8172 0.8209 0.8260 0.8268 0.8289 0.8306 0.8308 0.8510 0.8510 0.8548 0.8566 0.8566 0.8629 0.8629 0.8641 0.8653 0.8661 0.8673 0.8682 0.8685 0.8710 0.8710 0.8728 0.8737 0.8743 0.8753 0.8779 0.8782 0.8785 0.8796 0.8816 0.8829 0.8846 0.8858 0.8870 0.8871 0.8906 0.8925 0.8943 0.9005 0.9041 0.9043 0.9100 0.9126 0.9131 0.9174 0.9174 0.9211 0.9228 0.9245 0.9279 0.9345 0.9353 0.9361 0.9364 0.9389 0.9444 0.9459 0.9498 0.9552 0.9558 0.9568 0.9577 0.9594 0.9666 0.9667 0.9669 0.9693 0.9718 0.9762 0.9767 0.9785 0.9826 0.9831 0.9844 0.9890 0.9902 0.9907 0.9919 0.9951 0.9975 0.9982 
01110000111110111010011001110100101111101110000000011001100100100011001010001000101011010101100101000000101100011101001011100110101101010110010010001111100000010000100010000110011110110010110111001001010100010100010111111010101101100101101111100011010011001100001100110000001111000111011011011111011010100000100100001010000100010001100110111010010111001000000011110111010011001110010000010010010101001010100010010100010010000010111110010000000011001111101111101010110101010110111101000000000101110101
10001010000001000001000110000011000000010001110111100110001011001100110001110111000100101010011010010111010011000000110100010001010000101000101101110000000111100110011001100001100001001101001000100010101010101010001000000101010010000000010000011100101100110011110011001111100000110000000100000000100101001110011001100101101011001010011001000101001000110111001000001000100000110001100111101100101010110101011001101000101101111100000001101111101000010000010000010101000010101001000010111111111000001010
01010101111100111010011001111100101111101110000000011001100000110011001010001000110011010100100100000000101100001101001011000110101101010110010010001111110000011000100110001010001110110000110111001001000101010100110110111010101101001101101100100010010011001000001100110000011111001111011011111110011010110000100110011010000100110001100110111000010111000000000011110111010011001100011000010011010100001010100010010100010010000010111110010000000111101111101111101010110101010110111101000000000101100101
10001010000001000101100110000011010000010001011011100110010011001100100101110111000100101010001010111111010011100010110100011000010010101001100101110000001101100101001001110001100001001101001000110110101010001011001000000101010000010010010000001100101100010011110011001111100000110000100100000000100101001111011001100101011010000110011001000101101000110110111100001000101100100001100010001100001010110101010100100011101001111001000001101011110000010000010000010101001010100001000010100111111010000010

//
prob: -nan
segsites: 500
positions: 0.0013 0.0044 0.0053 0.0055 0.0070 0.0089 0.0089 0.0102 0.0113 0.0148 0.0163 0.0176 0.0183 0.0192 0.0196 0.0202 0.0202 0.0249 0.0254 0.0257 0.0266 0.0282 0.0295 0.0332 0.0337 0.0348 0.0369 0.0374 0.0386 0.0391 0.0399 0.0439 0.0460 0.0472 0.0475 0.0485 0.0496 0.0519 0.0526 0.0571 0.0584 0.0590 0.0603 0.0664 0.0673 0.0679 0.0696 0.0723 0.0735 0.0743 0.0758 0.0766 0.0792 0.0828 0.0833 0.0843 0.0867 0.0902 0.0905 0.0915 0.0920 0.0951 0.0991 0.0995 0.0997 0.0999 0.1020 0.1040 0.1041 0.1053 0.1090 0.1107 0.1114 0.1116 0.1125 0.1165 0.1183 0.1191 0.1206 0.1231 0.1312 0.1325 0.1327 0.1386 0.1388 0.1422 0.1426 0.1445 0.1450 0.1450 0.1461 0.1490 0.1508 0.1508 0.1550 0.1560 0.1615 0.1618 0.1634 0.1653 0.1657 0.1662 0.1677 0.1696 0.1722 0.1734 0.1737 0.1782 0.1801 0.1807 0.1822 0.1849 0.1881 0.1885 0.1936 0.1940 0.1967 0.1979 0.1991 0.2000 0.2024 0.2043 0.2092 0.2130 0.2131 0.2148 0.2149 0.2217 0.2225 0.2226 0.2226 0.2282 0.2282 0.2305 0.2335 0.2342 0.2358 0.2382 0.2389 0.2404 0.2446 0.2454 0.2459 0.2485 0.2492 0.2493 0.2501 0.2501 0.2518 0.2553 0.2567 0.2574 0.2581 0.2617 0.2644 0.2671 0.2674 0.2680 0.2688 0.2701 0.2710 0.2766 0.2767 0.2795 0.2804 0.2805 0.2813 0.2867 0.2901 0.2923 0.2967 0.2987 0.3030 0.3050 0.3055 0.3073 0.3076 0.3091 0.3101 0.3114 0.3125 0.3131 0.3161 0.3220 0.3292 0.3296 0.3302 0.3311 0.3317 0.3324 0.3343 0.3375 0.3407 0.3413 0.3418 0.3421 0.3431 0.3463 0.3505 0.3561 0.3606 0.3717 0.3732 0.3751 0.3766 0.3824 0.3850 0.3854 0.3899 0.3914 0.4084 0.4099 0.4112 0.4149 0.4162 0.4163 0.4178 0.4186 0.4246 0.4249 0.4261 0.4269 0.4285 0.4410 0.4459 0.4469 0.4519 0.4524 0.4535 0.4544 0.4549 0.4566 0.4567 0.4570 0.4591 0.4606 0.4617 0.4630 0.4634 0.4639 0.4680 0.4681 0.4685 0.4688 0.4693 0.4703 0.4708 0.4742 0.4790 0.4858 0.4869 0.4870 0.4894 0.4945 0.4976 0.5012 0.5020 0.5029 0.5061 0.5062 0.5121 0.5138 0.5177 0.5194 0.5203 0.5212 0.5214 0.5218 0.5220 0.5244 0.5267 0.5268 0.5282 0.5293 0.5308 0.5310 0.5340 0.5354 0.5359 0.5368 0.5397 0.5411 0.5453 0.5496 0.5510 0.5515 0.5547 0.5563 0.5566 0.5568 0.5568 0.5627 0.5636 0.5677 0.5751 0.5751 0.5803 0.5822 0.5831 0.5870 0.5875 0.5891 0.5896 0.5908 0.5939 0.5968 0.6008 0.6013 0.6042 0.6045 0.6059 0.6063 0.6063 0.6065 0.6072 0.6111 0.6141 0.6170 0.6173 0.6197 0.6214 0.6229 0.6240 0.6241 0.6249 0.6278 0.6324 0.6412 0.6447 0.6453 0.6458 0.6477 0.6480 0.6496 0.6517 0.6570 0.6595 0.6614 0.6644 0.6646 0.6670 0.6720 0.6726 0.6745 0.6774 0.6797 0.6811 0.6819 0.6836 0.6847 0.6863 0.6912 0.6915 0.6924 0.6926 0.6968 0.6984 0.7011 0.7012 0.7026 0.7032 0.7037 0.7071 0.7086 0.7126 0.7134 0.7186 0.7238 0.7252 0.7264 0.7265 0.7268 0.7290 0.7333 0.7364 0.7389 0.7419 0.7449 0.7479 0.7489 0.7509 0.7514 0.7578 0.7596 0.7600 0.7607 0.7609 0.7628 0.7650 0.7662 0.7671 0.7708 0.7711 0.7721 0.7738 0.7787 0.7855 0.7877 0.7894 0.7949 0.8009 0.8011 0.8014 0.8047 0.8072 0.8073 0.8111 0.8119 0.8137 0.8161 0.8165 0.8194 0.8203 0.8204 0.8207 0.8209 0.8239 0.8277 0.8283 0.8291 0.8386 0.8469 0.8498 0.8544 0.8557 0.8558 0.8636 0.8657 0.8671 0.8680 0.8681 0.8689 0.8704 0.8719 0.8756 0.8791 0.8804 0.8812 0.8828 0.8833 0.8854 0.8895 0.8910 0.8911 0.8921 0.8924 0.8968 0.8999 0.9009 0.9045 0.9062 0.9073 0.9074 0.9083 0.9096 0.9110 0.9111 0.9118 0.9152 0.9162 0.9214 0.9214 0.9231 0.9251 0.9294 0.9319 0.9326 0.9331 0.9341 0.9354 0.9373 0.9377 0.9450 0.9481 0.9483 0.9484 0.9489 0.9503 0.9513 0.9515 0.9515 0.9533 0.9619 0.9636 0.9636 0.9759 0.9792 0.9794 0.9801 0.9808 0.9820 0.9857 0.9891 0.9901 0.9915 0.9922 0.9938 0.9946 0.9961 0.9999 
10000100000010101101000101111011100011001101010110100000100000100001111011010011110101001000101001100001101100010100000000110100101110000000000000001010001101000000100010111100000010000010010000000001110100000000000100001100010100101101001100000101010010000011010010001000111011000100001001001100011101000000000100000010011110010100000000101100001101000000000101111000001011011001110011001000000100000011001000100000100100000001110101000100011011011100000100101001011000010001110010000001101000000110
01010110100000101100011000011100001011101000110011000001111111100011100000011110001111100000011100001010000100110001001010000000100001010100010011110010100110001011001100111000100110001111100000110010000001000111011001100000100111010000000010010010001100011000001011000001011101010010001011011000000011100110110101100000001100001000110000011010010100011001000000000010001111000010100010000110011000001000101101000001000000010111001010000000001100001001010011101000100000100100011000001000000010110111
01010100110001101100001000011100001011101000010011000001100110111011100000010110001111100110001100001110000100111001100010000010100000010100010011100011000110000000001000111011001110111111100000110000000001100111001001000000101101010010000000000010000101011000000011110010011001011000101011001000000011000000100100110100001100001000110010011011100100001001000000000101101011000100101010100110101001101100111000000000000001011111001010100000001000001001010010101100100010100000011000100000000001110110
00101001001100010010100010000000010100010010001000011110000000000100000100100000000000010001000010010000010011000010010101001001010000101011101100000100010000110100010001000000010001000000001111001100001010011000100010010011000000000000110001101000100000100100100100000100000000100001010100100011100000011001001010001001100001100011001101000000000010100110111010000000010000100000000100010001000010010000000010011110011010100000000000011011100000100010101000010010000101001010000101010110010100001000

//
prob: -nan
segsites: 500
positions: 0.0010 0.0055 0.0066 0.0084 0.0091 0.0096 0.0105 0.0129 0.0160 0.0198 0.0210 0.0244 0.0312 0.0341 0.0345 0.0375 0.0400 0.0405 0.0413 0.0442 0.0463 0.0481 0.0502 0.0532 0.0537 0.0538 0.0544 0.0609 0.0612 0.0630 0.0640 0.0696 0.0756 0.0789 0.0812 0.0873 0.0879 0.0935 0.0939 0.0942 0.0954 0.0968 0.1015 0.1026 0.1063 0.1120 0.1122 0.1134 0.1135 0.1139 0.1144 0.1147 0.1162 0.1178 0.1185 0.1195 0.1198 0.1203 0.1264 0.1276 0.1327 0.1354 0.1363 0.1394 0.1396 0.1400 0.1414 0.1431 0.1484 0.1546 0.1559 0.1563 0.1567 0.1590 0.1601 0.1610 0.1632 0.1634 0.1726 0.1743 0.1819 0.1825 0.1850 0.1855 0.1867 0.1906 0.1915 0.1917 0.1926 0.1958 0.1962 0.1974 0.1983 0.2001 0.2016 0.2026 0.2031 0.2031 0.2049 0.2063 0.2067 0.2080 0.2086 0.2092 0.2111 0.2123 0.2133 0.2163 0.2172 0.2213 0.2226 0.2230 0.2249 0.2269 0.2275 0.2275 0.2275 0.2287 0.2341 0.2430 0.2437 0.2438 0.2472 0.2481 0.2488 0.2515 0.2530 0.2566 0.2587 0.2589 0.2590 0.2594 0.2651 0.2672 0.2684 0.2690 0.2695 0.2705 0.2721 0.2727 0.2753 0.2776 0.2789 0.2812 0.2826 0.2831 0.2840 0.2848 0.2857 0.2864 0.2895 0.2925 0.2992 0.3012 0.3035 0.3057 0.3061 0.3076 0.3123 0.3178 0.3248 0.3256 0.3292 0.3310 0.3352 0.3386 0.3414 0.3430 0.3437 0.3438 0.3444 0.3447 0.3484 0.3484 0.3493 0.3518 0.3536 0.3569 0.3575 0.3597 0.3615 0.3637 0.3639 0.3644 0.3674 0.3731 0.3739 0.3782 0.3805 0.3909 0.3923 0.3927 0.3937 0.3967 0.3971 0.3972 0.4009 0.4036 0.4045 0.4053 0.4071 0.4094 0.4136 0.4146 0.4153 0.4181 0.4200 0.4224 0.4246 0.4279 0.4299 0.4300 0.4300 0.4321 0.4336 0.4346 0.4369 0.4370 0.4401 0.4403 0.4411 0.4415 0.4439 0.4499 0.4511 0.4511 0.4518 0.4543 0.4545 0.4546 0.4558 0.4562 0.4565 0.4632 0.4668 0.4718 0.4750 0.4765 0.4797 0.4832 0.4835 0.4847 0.4860 0.4874 0.4887 0.4888 0.4933 0.4950 0.4951 0.4968 0.4969 0.4998 0.5018 0.5075 0.5082 0.5089 0.5100 0.5114 0.5121 0.5127 0.5143 0.5147 0.5186 0.5186 0.5266 0.5277 0.5312 0.5313 0.5335 0.5340 0.5356 0.5378 0.5390 0.5397 0.5420 0.5420 0.5428 0.5454 0.5466 0.5484 0.5508 0.5516 0.5537 0.5554 0.5574 0.5596 0.5597 0.5624 0.5662 0.5667 0.5690 0.5693 0.5695 0.5707 0.5713 0.5715 0.5743 0.5791 0.5800 0.5832 0.5839 0.5842 0.5895 0.5906 0.5924 0.5941 0.5942 0.5947 0.5959 0.5988 0.6009 0.6027 0.6069 0.6092 0.6093 0.6111 0.6143 0.6149 0.6150 0.6164 0.6193 0.6206 0.6212 0.6267 0.6332 0.6340 0.6346 0.6441 0.6442 0.6465 0.6472 0.6474 0.6475 0.6542 0.6572 0.6614 0.6634 0.6640 0.6655 0.6660 0.6676 0.6685 0.6724 0.6730 0.6736 0.6758 0.6790 0.6847 0.6855 0.6876 0.6877 0.6937 0.6943 0.6950 0.6983 0.7018 0.7034 0.7037 0.7050 0.7069 0.7087 0.7113 0.7123 0.7125 0.7144 0.7144 0.7185 0.7186 0.7206 0.7208 0.7296 0.7324 0.7327 0.7342 0.7350 0.7365 0.7391 0.7392 0.7398 0.7420 0.7470 0.7488 0.7587 0.7594 0.7595 0.7599 0.7639 0.7648 0.7662 0.7686 0.7688 0.7714 0.7743 0.7745 0.7746 0.7754 0.7762 0.7767 0.7828 0.7840 0.7890 0.7902 0.7906 0.7939 0.7948 0.7967 0.8022 0.8023 0.8046 0.8050 0.8161 0.8167 0.8192 0.8202 0.8205 0.8223 0.8234 0.8271 0.8279 0.8285 0.8297 0.8347 0.8373 0.8394 0.8410 0.8428 0.8435 0.8456 0.8475 0.8478 0.8497 0.8502 0.8626 0.8630 0.8637 0.8653 0.8656 0.8669 0.8693 0.8743 0.8762 0.8786 0.8836 0.8841 0.8848 0.8850 0.8854 0.8868 0.8882 0.8892 0.8919 0.8927 0.8968 0.8984 0.8985 0.8991 0.9013 0.9017 0.9050 0.9068 0.9068 0.9070 0.9097 0.9102 0.9108 0.9111 0.9125 0.9169 0.9181 0.9192 0.9243 0.9248 0.9258 0.9260 0.9315 0.9367 0.9371 0.9422 0.9424 0.9447 0.9454 0.9457 0.9504 0.9525 0.9558 0.9617 0.9686 0.9687 0.9745 0.9748 0.9769 0.9781 0.9788 0.9826 0.9828 0.9865 0.9936 0.9964 0.9986 0.9993 
01001000000000000000101101000000101000011011010011100100000010111100101000110000101100101101101001100001010000011011110111000011110101010110000011111011110000101001011101001100010010001011000000000101001001100100000000010101000101000000000011001001101000011111001010110100011001111111010100000000000011001000100000110010010010010101001110100110101100000001100011011010010101101001011101110001110000010100001000000101001101110011101010100000000101001000000001010110100100000011000010000011110001001101
00010100001100100101000010111110010000100100100000010001010101000011010010001011010001010010010010001110101001000000001000110100000000001000101100000100001100000010000010000000101100110000110010101000100110010011111110001010111010111101111100100110010011000000110100001010100110000000100011000011110000110001001100001001101101000000100000011000010000101110011100100101101000010000000010001110000101101010100101110010110010000100010001011011110000110110111010001001000011111000100100001000001110000000
11101011110011011010010000000001001111011000001100101110100000011100101101100100100110000101101101010001010110101111010001000011011010110101010001000000110011000100101001111111010001000100001101010111000001101100000000100000000000000010000000010000000100100100000001000100010001000010001100111100001000001110010011100100000000011010011011000111001110010001100001010010010110000110101101110001011010000101010010001000000000011011000110000100001011001001000100110110011000000011011011010000110000111111
01001000000000000000101001000000101000011011010011100100001010111100101000110000100100101101101001100001010000011011110111001011110101010110000011111011110000111001001101001100010000001011000000000101011001100100000001010101000101000000000011001001000000011111001010110101011001111111010100000000000111001000100000110010010010110101001110100110101101000001100011011010010101101000011101110001110000010100001000000101001101110011101010100000000101001000000001010110100100000111000010100111110001001101

//
prob: -nan
segsites: 500
positions: 0.0014 0.0049 0.0050 0.0059 0.0065 0.0101 0.0170 0.0189 0.0269 0.0317 0.0326 0.0334 0.0350 0.0382 0.0396 0.0412 0.0441 0.0465 0.0471 0.0528 0.0529 0.0538 0.0539 0.0588 0.0604 0.0663 0.0669 0.0715 0.0726 0.0752 0.0759 0.0778 0.0779 0.0822 0.0878 0.0884 0.0909 0.0909 0.0921 0.0969 0.0987 0.1005 0.1024 0.1029 0.1059 0.1111 0.1140 0.1149 0.1175 0.1181 0.1210 0.1278 0.1287 0.1348 0.1368 0.1376 0.1410 0.1420 0.1529 0.1531 0.1532 0.1545 0.1553 0.1568 0.1578 0.1579 0.1592 0.1611 0.1614 0.1624 0.1649 0.1665 0.1681 0.1710 0.1789 0.1820 0.1865 0.1889 0.1920 0.1922 0.1936 0.1957 0.1961 0.1985 0.1999 0.2010 0.2051 0.2107 0.2117 0.2123 0.2145 0.2161 0.2163 0.2168 0.2181 0.2182 0.2216 0.2221 0.2275 0.2292 0.2304 0.2313 0.2326 0.2340 0.2349 0.2385 0.2416 0.2423 0.2450 0.2466 0.2506 0.2542 0.2545 0.2559 0.2581 0.2587 0.2587 0.2599 0.2625 0.2685 0.2690 0.2696 0.2708 0.2730 0.2734 0.2760 0.2778 0.2802 0.2855 0.2874 0.2894 0.2911 0.2914 0.2970 0.3002 0.3035 0.3048 0.3050 0.3067 0.3169 0.3200 0.3200 0.3206 0.3213 0.3221 0.3223 0.3225 0.3257 0.3261 0.3275 0.3310 0.3310 0.3335 0.3338 0.3363 0.3393 0.3403 0.3413 0.3416 0.3420 0.3462 0.3466 0.3467 0.3474 0.3488 0.3494 0.3495 0.3498 0.3498 0.3513 0.3518 0.3534 0.3538 0.3590 0.3607 0.3625 0.3658 0.3678 0.3686 0.3707 0.3729 0.3755 0.3805 0.3816 0.3819 0.3917 0.3925 0.3958 0.3987 0.4048 0.4050 0.4080 0.4131 0.4163 0.4210 0.4253 0.4271 0.4273 0.4288 0.4311 0.4397 0.4405 0.4409 0.4448 0.4477 0.4482 0.4488 0.4504 0.4510 0.4512 0.4515 0.4527 0.4539 0.4588 0.4597 0.4602 0.4604 0.4610 0.4630 0.4704 0.4707 0.4721 0.4760 0.4794 0.4797 0.4817 0.4819 0.4819 0.4823 0.4838 0.4862 0.4904 0.4937 0.4942 0.4951 0.4999 0.5037 0.5048 0.5113 0.5129 0.5130 0.5139 0.5158 0.5192 0.5197 0.5201 0.5206 0.5217 0.5228 0.5290 0.5294 0.5299 0.5375 0.5390 0.5393 0.5426 0.5439 0.5452 0.5467 0.5475 0.5475 0.5485 0.5551 0.5571 0.5591 0.5593 0.5620 0.5650 0.5666 0.5672 0.5678 0.5680 0.5680 0.5729 0.5738 0.5770 0.5777 0.5812 0.5822 0.5824 0.5839 0.5867 0.5871 0.5898 0.5906 0.5955 0.5956 0.5962 0.6008 0.6031 0.6033 0.6056 0.6092 0.6124 0.6128 0.6143 0.6148 0.6156 0.6157 0.6198 0.6212 0.6214 0.6243 0.6255 0.6280 0.6281 0.6352 0.6397 0.6402 0.6433 0.6436 0.6453 0.6462 0.6473 0.6488 0.6504 0.6547 0.6566 0.6585 0.6587 0.6591 0.6607 0.6622 0.6639 0.6652 0.6703 0.6707 0.6709 0.6719 0.6730 0.6747 0.6772 0.6773 0.6801 0.6819 0.6886 0.6909 0.6983 0.6987 0.6991 0.6996 0.6997 0.7014 0.7015 0.7029 0.7035 0.7042 0.7054 0.7055 0.7081 0.7083 0.7092 0.7127 0.7141 0.7146 0.7212 0.7242 0.7256 0.7261 0.7281 0.7288 0.7310 0.7323 0.7340 0.7344 0.7355 0.7364 0.7413 0.7468 0.7471 0.7481 0.7488 0.7491 0.7521 0.7569 0.7584 0.7586 0.7599 0.7616 0.7636 0.7646 0.7678 0.7723 0.7741 0.7790 0.7838 0.7838 0.7852 0.7866 0.7867 0.7872 0.7897 0.7900 0.7906 0.7926 0.7941 0.7955 0.7965 0.7992 0.8053 0.8076 0.8116 0.8125 0.8140 0.8140 0.8146 0.8153 0.8180 0.8274 0.8275 0.8281 0.8307 0.8322 0.8336 0.8338 0.8350 0.8354 0.8363 0.8422 0.8433 0.8435 0.8450 0.8484 0.8516 0.8560 0.8568 0.8574 0.8576 0.8579 0.8615 0.8616 0.8619 0.8646 0.8647 0.8684 0.8695 0.8723 0.8736 0.8738 0.8754 0.8825 0.8879 0.8882 0.8890 0.8906 0.8929 0.8930 0.8935 0.8952 0.8983 0.9045 0.9050 0.9058 0.9113 0.9155 0.9163 0.9165 0.9241 0.9270 0.9287 0.9310 0.9323 0.9334 0.9349 0.9362 0.9379 0.9383 0.9390 0.9395 0.9406 0.9423 0.9456 0.9459 0.9466 0.9485 0.9501 0.9509 0.9536 0.9559 0.9569 0.9602 0.9618 0.9656 0.9662 0.9680 0.9681 0.9755 0.9779 0.9812 0.9830 0.9833 0.9834 0.9850 0.9852 0.9866 0.9869 0.9934 0.9943 0.9948 0.9975 
11010000110010111011010000111100100010000101011001001000101011101000000000110010001100001001001110110110111100101001100010110011001000010011111000101000100001110000100111001000010111100010000111000111000010011001000011010010010100010001100000011000101101110100101100001100110010100000100010110000000000000110000001010101011000000010101100011111101000000011011111010001001010000110000010101001001100100010000111101100101001111000110011000101100000000101000000001010000001000010001011000000010110011100
11010000110110110011010000111001101010100101011001001100101011001000000000010000000100001000001110010111111000101101110010110001001000010011111010001000100001110000001101001100001111100010001111000110001110001101000001010010000010010001110000011000101011110110100100001101110110000100100000110100000000000110100001111110001000010000101000001101101101000011011111010001001010011010000010000001000100100010000111001100100101011000010100000101100000000101000000001110000001000010001011000100000110011001
11011000110010100011101110010000100010001101001011011000001001000000001000011100000100001000001000010110011010001001101110101001001010110001110000001000110011110010010100001000100011100011000101000110000000000000010000000011101000010000101000011000001001010100100111111000110011001000100000111010000100010101000000010100001101000001101010001101011000000011011000010001101010000010001110000011010101000010000000000110100001011110010000010101101110001001000100011010101001000010001101100011000110100010
00100111001001000100000001000010010101010010100100100011010100010111110111000001110011110110110001001000000001010010000001000100110101001100000101010111001100001101000000110011000000011100110000111000110001100010101100101100000001101110000111100111010000001001010000000010001000010011011101000001111011101000011110000000100010101100010001100000000010111100100000101110010101100001110001010100100010011101111000010001010010000001001000101010010001110010111011100001010110111101110000011000101001000000

//
prob: 0
segsites: 500
positions: 0.0009 0.0023 0.0024 0.0040 0.0043 0.0060 0.0068 0.0173 0.0215 0.0217 0.0231 0.0232 0.0237 0.0255 0.0258 0.0261 0.0269 0.0273 0.0290 0.0322 0.0369 0.0369 0.0376 0.0399 0.0416 0.0438 0.0476 0.0505 0.0512 0.0549 0.0574 0.0574 0.0582 0.0603 0.0617 0.0643 0.0673 0.0741 0.0744 0.0744 0.0760 0.0774 0.0776 0.0842 0.0863 0.0892 0.0939 0.0946 0.0962 0.1014 0.1037 0.1045 0.1059 0.1068 0.1079 0.1122 0.1143 0.1145 0.1158 0.1159 0.1170 0.1241 0.1249 0.1263 0.1299 0.1324 0.1351 0.1474 0.1485 0.1487 0.1501 0.1517 0.1523 0.1536 0.1542 0.1558 0.1575 0.1661 0.1681 0.1689 0.1712 0.1724 0.1749 0.1829 0.1830 0.1830 0.1832 0.1862 0.1879 0.1882 0.1887 0.1888 0.1974 0.1981 0.1989 0.2053 0.2069 0.2156 0.2182 0.2193 0.2195 0.2225 0.2264 0.2270 0.2278 0.2313 0.2346 0.2364 0.2371 0.2377 0.2442 0.2469 0.2509 0.2569 0.2583 0.2620 0.2635 0.2651 0.2661 0.2698 0.2703 0.2725 0.2738 0.2784 0.2788 0.2792 0.2799 0.2799 0.2808 0.2822 0.2829 0.2847 0.2873 0.2902 0.2912 0.2913 0.2921 0.2953 0.2962 0.2996 0.3080 0.3084 0.3088 0.3109 0.3120 0.3126 0.3127 0.3131 0.3155 0.3304 0.3309 0.3309 0.3343 0.3351 0.3351 0.3354 0.3381 0.3402 0.3404 0.3420 0.3443 0.3494 0.3499 0.3541 0.3583 0.3586 0.3589 0.3605 0.3605 0.3633 0.3636 0.3638 0.3653 0.3658 0.3719 0.3772 0.3786 0.3807 0.3826 0.3879 0.3909 0.3912 0.3912 0.3915 0.3923 0.3952 0.3959 0.3984 0.3990 0.3993 0.3994 0.4007 0.4016 0.4032 0.4037 0.4055 0.4056 0.4057 0.4058 0.4065 0.4097 0.4112 0.4164 0.4172 0.4177 0.4198 0.4205 0.4225 0.4238 0.4244 0.4260 0.4268 0.4286 0.4295 0.4299 0.4330 0.4362 0.4406 0.4418 0.4461 0.4474 0.4532 0.4539 0.4608 0.4621 0.4621 0.4629 0.4629 0.4700 0.4709 0.4712 0.4777 0.4794 0.4843 0.4862 0.4883 0.4904 0.4930 0.4939 0.4945 0.4952 0.4957 0.4967 0.4993 0.5001 0.5094 0.5109 0.5139 0.5139 0.5149 0.5154 0.5163 0.5167 0.5170 0.5185 0.5195 0.5230 0.5262 0.5280 0.5284 0.5286 0.5308 0.5332 0.5358 0.5424 0.5433 0.5467 0.5507 0.5518 0.5526 0.5539 0.5557 0.5560 0.5564 0.5568 0.5599 0.5603 0.5607 0.5616 0.5626 0.5659 0.5669 0.5674 0.5687 0.5688 0.5692 0.5716 0.5726 0.5740 0.5765 0.5776 0.5788 0.5809 0.5812 0.5862 0.5920 0.5976 0.5980 0.6016 0.6029 0.6046 0.6047 0.6083 0.6113 0.6133 0.6142 0.6149 0.6149 0.6165 0.6170 0.6191 0.6200 0.6226 0.6234 0.6239 0.6254 0.6256 0.6265 0.6267 0.6268 0.6290 0.6299 0.6327 0.6330 0.6335 0.6341 0.6359 0.6363 0.6373 0.6385 0.6407 0.6431 0.6446 0.6510 0.6563 0.6568 0.6599 0.6602 0.6632 0.6656 0.6658 0.6686 0.6728 0.6733 0.6745 0.6748 0.6753 0.6755 0.6813 0.6829 0.6859 0.6865 0.6883 0.6902 0.6922 0.6923 0.6939 0.7012 0.7027 0.7036 0.7042 0.7046 0.7052 0.7101 0.7105 0.7149 0.7151 0.7168 0.7178 0.7207 0.7210 0.7244 0.7257 0.7318 0.7338 0.7362 0.7382 0.7417 0.7433 0.7465 0.7466 0.7469 0.7476 0.7546 0.7561 0.7584 0.7591 0.7609 0.7642 0.7664 0.7691 0.7691 0.7735 0.7742 0.7747 0.7759 0.7761 0.7812 0.7837 0.7869 0.7887 0.7949 0.7950 0.7954 0.7991 0.8006 0.8075 0.8132 0.8133 0.8147 0.8165 0.8191 0.8203 0.8229 0.8252 0.8294 0.8303 0.8315 0.8319 0.8334 0.8341 0.8417 0.8419 0.8439 0.8485 0.8615 0.8622 0.8629 0.8645 0.8648 0.8650 0.8651 0.8676 0.8677 0.8702 0.8702 0.8715 0.8750 0.8818 0.8826 0.8835 0.8840 0.8847 0.8884 0.8892 0.8914 0.8922 0.8926 0.8943 0.8951 0.8961 0.8995 0.9001 0.9012 0.9047 0.9048 0.9051 0.9064 0.9069 0.9079 0.9131 0.9132 0.9155 0.9156 0.9181 0.9187 0.9191 0.9193 0.9200 0.9211 0.9223 0.9236 0.9271 0.9322 0.9437 0.9446 0.9463 0.9470 0.9515 0.9521 0.9535 0.9564 0.9584 0.9603 0.9609 0.9618 0.9637 0.9670 0.9696 0.9730 0.9746 0.9750 0.9840 0.9857 0.9859 0.9872 0.9877 0.9976 0.9986 0.9990 
00001101000000010000110000000000101100001000000000000100010100010000000000010100100001000000010000011001100111111000001000101010000000000100110100001001000100000000000100000001000010000000000000010010110000001000101000001000000010000011001000001000110000100100000100000000101001110010011100000000100000000000000000000011011001001001100001100001000010001110000000110001000000100000100010000000110010011101100100100100011000011000100000100100001000000000110000000000000000100010000100000000100011010000
11100000100000000000000100100100000011000100100110000001101001100001110000100011000100000100000110000000010000000100110000000001001110010000001010110100100010100000001000101110100000000011110110001100000101100001000010000000010100001100100011000101000011010010000010110100010100001000000000100001001000111001100000010000000000100000001010000000000001000001000000001100000001010011010000111011000001000010001000011000000000000111001000000000100101101010000100100000010010011101100000101010000100100000
00010000011010100000001011000011010000100001001001111010000000001010000100001000001000100001001000000110001000000000000101000000000000000011000010000010011000010011110000100000001000101100001000100000001000000000000101000001101001100000010100000010001100000001010001001011010000000001000010011110000010000100010110001100000110010110000100011000010100000000101110000010101110000100000100000000000000100000010000000001100111100000010100000010010010000001000011000111000101000000011010010101000000000101
00000010000101001111000000011000101100010010010000000000010010000100001011010100010010011010110001100000000100000011000010011100110001101000000001000000000001001100000011010000010111010000000001000001010010011110110000110110000000010000000000111000000000001000101000000000100011100100100001000000010101000010001001100000100000000000010000000110101000110000010001000000010000001000101001000100001100010001000011000010000000011000100011011101000000010100111000011000101000000000000001000000011000001010

//
prob: -nan
segsites: 500
positions: 0.0005 0.0032 0.0075 0.0084 0.0097 0.0115 0.0116 0.0149 0.0176 0.0197 0.0205 0.0220 0.0231 0.0248 0.0250 0.0276 0.0279 0.0291 0.0311 0.0339 0.0381 0.0396 0.0418 0.0430 0.0435 0.0459 0.0498 0.0532 0.0589 0.0631 0.0633 0.0674 0.0722 0.0733 0.0761 0.0771 0.0784 0.0795 0.0801 0.0804 0.0817 0.0838 0.0860 0.0889 0.0899 0.0901 0.0907 0.0942 0.0967 0.0982 0.0985 0.0990 0.1009 0.1028 0.1036 0.1051 0.1054 0.1063 0.1070 0.1096 0.1111 0.1133 0.1148 0.1165 0.1211 0.1212 0.1248 0.1263 0.1263 0.1266 0.1294 0.1301 0.1304 0.1410 0.1411 0.1438 0.1442 0.1460 0.1471 0.1479 0.1501 0.1505 0.1515 0.1591 0.1617 0.1624 0.1628 0.1646 0.1688 0.1690 0.1716 0.1758 0.1826 0.1872 0.1888 0.1897 0.1902 0.1935 0.1939 0.1966 0.1993 0.2032 0.2061 0.2072 0.2080 0.2087 0.2113 0.2156 0.2163 0.2191 0.2198 0.2241 0.2243 0.2265 0.2273 0.2273 0.2292 0.2357 0.2386 0.2419 0.2420 0.2431 0.2470 0.2543 0.2547 0.2555 0.2555 0.2567 0.2591 0.2600 0.2605 0.2640 0.2670 0.2673 0.2717 0.2724 0.2727 0.2734 0.2807 0.2809 0.2817 0.2817 0.2852 0.2854 0.2859 0.2869 0.2872 0.2898 0.2950 0.2955 0.2962 0.2989 0.3019 0.3037 0.3107 0.3119 0.3124 0.3130 0.3143 0.3149 0.3172 0.3208 0.3227 0.3248 0.3294 0.3298 0.3319 0.3326 0.3378 0.3378 0.3384 0.3386 0.3394 0.3407 0.3414 0.3427 0.3479 0.3481 0.3481 0.3508 0.3612 0.3640 0.3651 0.3674 0.3701 0.3724 0.3748 0.3764 0.3778 0.3787 0.3806 0.3815 0.3829 0.3831 0.3845 0.3882 0.3902 0.3917 0.3931 0.3933 0.3971 0.4003 0.4010 0.4027 0.4060 0.4142 0.4157 0.4177 0.4180 0.4185 0.4210 0.4213 0.4240 0.4260 0.4269 0.4277 0.4277 0.4329 0.4368 0.4388 0.4407 0.4422 0.4536 0.4539 0.4576 0.4580 0.4585 0.4601 0.4629 0.4672 0.4681 0.4712 0.4718 0.4728 0.4731 0.4773 0.4784 0.4798 0.4801 0.4808 0.4808 0.4809 0.4839 0.4839 0.4868 0.4882 0.4899 0.4930 0.4954 0.4987 0.4988 0.5005 0.5024 0.5029 0.5045 0.5055 0.5100 0.5105 0.5133 0.5136 0.5164 0.5186 0.5191 0.5209 0.5220 0.5224 0.5226 0.5248 0.5264 0.5273 0.5285 0.5298 0.5309 0.5330 0.5357 0.5357 0.5405 0.5412 0.5464 0.5474 0.5491 0.5508 0.5528 0.5548 0.5551 0.5558 0.5559 0.5583 0.5613 0.5620 0.5642 0.5710 0.5711 0.5727 0.5755 0.5767 0.5788 0.5848 0.5856 0.5857 0.5868 0.5869 0.5871 0.5887 0.5921 0.5937 0.5972 0.5981 0.6002 0.6003 0.6044 0.6058 0.6092 0.6097 0.6120 0.6123 0.6160 0.6163 0.6254 0.6298 0.6305 0.6362 0.6375 0.6385 0.6389 0.6419 0.6421 0.6438 0.6438 0.6444 0.6445 0.6465 0.6470 0.6549 0.6574 0.6592 0.6608 0.6615 0.6637 0.6647 0.6651 0.6652 0.6659 0.6727 0.6766 0.6797 0.6851 0.6887 0.6919 0.6932 0.6969 0.7017 0.7018 0.7043 0.7087 0.7097 0.7101 0.7127 0.7167 0.7171 0.7186 0.7202 0.7210 0.7255 0.7341 0.7344 0.7376 0.7388 0.7426 0.7450 0.7451 0.7456 0.7478 0.7486 0.7512 0.7527 0.7529 0.7558 0.7559 0.7618 0.7622 0.7647 0.7662 0.7667 0.7680 0.7696 0.7702 0.7729 0.7748 0.7762 0.7763 0.7771 0.7774 0.7787 0.7807 0.7844 0.7851 0.7852 0.7855 0.7861 0.7862 0.7871 0.7871 0.7900 0.7925 0.7930 0.7938 0.7952 0.7976 0.7977 0.7991 0.8057 0.8074 0.8099 0.8118 0.8121 0.8127 0.8136 0.8150 0.8163 0.8165 0.8187 0.8190 0.8210 0.8216 0.8227 0.8246 0.8253 0.8256 0.8348 0.8371 0.8394 0.8400 0.8407 0.8419 0.8439 0.8445 0.8482 0.8485 0.8528 0.8531 0.8545 0.8553 0.8562 0.8566 0.8630 0.8640 0.8644 0.8661 0.8686 0.8739 0.8745 0.8765 0.8806 0.8986 0.9000 0.9012 0.9018 0.9027 0.9078 0.9107 0.9117 0.9119 0.9158 0.9161 0.9273 0.9276 0.9301 0.9320 0.9344 0.9384 0.9385 0.9406 0.9429 0.9507 0.9515 0.9552 0.9563 0.9575 0.9624 0.9635 0.9635 0.9655 0.9678 0.9683 0.9724 0.9733 0.9738 0.9762 0.9770 0.9774 0.9797 0.9808 0.9836 0.9836 0.9837 0.9867 0.9901 0.9927 0.9996 
00000100000111100001000101001111010000011001100100011110010010000001001000011000011001011000011000010011110001000010101100111000010111100111001000001100100100101110001000100010100101100000010110001010000100000001011000000001110010011100011010000001101000100010000110100011100100100010011110100010001011001000100000010100000100001000101000000100001111101110110100111010010000010110010110000001000001011011000011000101000011000010001111101101000110010100100100000000000000100001000101010100110111100111
00001100011101000111000010000011010010101101011101000110010111010000110011101000001110010001001100011001110000001110000101101110000011000011001000000100110001101100001000101010010101001000010000111010001100000000001001001010100010010011011000001000111010100010000111100001011001100101011100000010000000010010101000010001100010001000111010001110010100001111000100001111000000010110110100001001001011001010101011100010110001000010001011100100000010110101000100000101000000100100100100001010100100000011
00001100010101000101001010010011010110001001011111000110010010000000100000101010001000010001101100011001110000001110000100101100000011000011111010000100100001101100001000101010010101010010011000001010000100000110001001001010100010010010111000000010111100100010001110100001011000110000011100000010010000100110100101010000110000011000111010000100000100001110000100001011000000010110110101110011010011001010110111101000110001000010001011100100001010010101010100100111000000100100000110001010100100000011
11110011100000011000110000100000101001000010000000100001101000101110000100000101100000100110000011100100001110110001010010000001101000011000000101110011001010010001110111010101001010000101100001000101110011111000100110110100001101100000000101110100000001011101110000011100000010001000100001011101100100000001010010101010001001100111000101110001100000010000001011000000101111101001001000000100100100100100000000010000001100111101110000010010110001001010001011011000111111011010011000100001001000011000

//
prob: -nan
segsites: 500
positions: 0.0026 0.0029 0.0064 0.0077 0.0104 0.0133 0.0139 0.0151 0.0201 0.0211 0.0233 0.0238 0.0301 0.0322 0.0341 0.0348 0.0384 0.0390 0.0397 0.0402 0.0435 0.0435 0.0451 0.0487 0.0488 0.0522 0.0528 0.0585 0.0631 0.0714 0.0722 0.0776 0.0784 0.0846 0.0852 0.0853 0.0906 0.0949 0.0962 0.0974 0.0976 0.1004 0.1029 0.1073 0.1078 0.1103 0.1111 0.1114 0.1143 0.1163 0.1163 0.1169 0.1180 0.1233 0.1234 0.1255 0.1261 0.1333 0.1336 0.1363 0.1368 0.1401 0.1403 0.1415 0.1416 0.1429 0.1441 0.1457 0.1457 0.1479 0.1489 0.1497 0.1522 0.1575 0.1586 0.1616 0.1678 0.1683 0.1683 0.1684 0.1699 0.1715 0.1727 0.1729 0.1746 0.1770 0.1785 0.1833 0.1843 0.1846 0.1858 0.1866 0.1870 0.1870 0.1872 0.1890 0.1905 0.1923 0.1940 0.1941 0.1948 0.1950 0.1976 0.2006 0.2019 0.2020 0.2143 0.2155 0.2156 0.2166 0.2196 0.2209 0.2211 0.2220 0.2224 0.2251 0.2261 0.2261 0.2271 0.2304 0.2319 0.2323 0.2339 0.2340 0.2352 0.2391 0.2401 0.2446 0.2449 0.2459 0.2512 0.2538 0.2541 0.2566 0.2579 0.2607 0.2608 0.2622 0.2659 0.2669 0.2678 0.2722 0.2734 0.2748 0.2751 0.2812 0.2818 0.2839 0.2881 0.2898 0.2959 0.2984 0.3020 0.3025 0.3044 0.3079 0.3125 0.3158 0.3160 0.3189 0.3190 0.3221 0.3247 0.3294 0.3319 0.3322 0.3342 0.3354 0.3368 0.3413 0.3468 0.3491 0.3494 0.3498 0.3525 0.3534 0.3536 0.3540 0.3543 0.3558 0.3565 0.3576 0.3582 0.3590 0.3611 0.3647 0.3653 0.3694 0.3717 0.3723 0.3729 0.3774 0.3820 0.3889 0.3890 0.3897 0.3933 0.3941 0.3960 0.3970 0.4004 0.4017 0.4020 0.4057 0.4058 0.4058 0.4061 0.4066 0.4071 0.4098 0.4116 0.4117 0.4174 0.4177 0.4199 0.4211 0.4243 0.4282 0.4346 0.4347 0.4349 0.4353 0.4359 0.4369 0.4369 0.4425 0.4437 0.4444 0.4460 0.4490 0.4532 0.4560 0.4569 0.4571 0.4705 0.4706 0.4710 0.4751 0.4762 0.4793 0.4805 0.4827 0.4843 0.4851 0.4913 0.4936 0.4936 0.4967 0.4982 0.5029 0.5034 0.5038 0.5039 0.5043 0.5075 0.5113 0.5130 0.5134 0.5136 0.5160 0.5167 0.5187 0.5235 0.5266 0.5280 0.5291 0.5302 0.5319 0.5338 0.5354 0.5361 0.5387 0.5394 0.5396 0.5424 0.5429 0.5442 0.5447 0.5462 0.5468 0.5469 0.5506 0.5527 0.5555 0.5578 0.5597 0.5607 0.5622 0.5627 0.5664 0.5672 0.5674 0.5712 0.5717 0.5739 0.5748 0.5748 0.5799 0.5806 0.5839 0.5880 0.5896 0.5912 0.5952 0.5981 0.5997 0.6002 0.6010 0.6031 0.6046 0.6057 0.6122 0.6142 0.6156 0.6167 0.6179 0.6199 0.6248 0.6307 0.6344 0.6376 0.6380 0.6410 0.6425 0.6449 0.6475 0.6517 0.6543 0.6557 0.6576 0.6579 0.6591 0.6602 0.6616 0.6646 0.6730 0.6851 0.6870 0.6870 0.6891 0.6893 0.6915 0.6929 0.6933 0.6935 0.6936 0.6952 0.6964 0.6969 0.6994 0.7029 0.7035 0.7036 0.7073 0.7089 0.7102 0.7118 0.7134 0.7168 0.7172 0.7192 0.7219 0.7241 0.7273 0.7285 0.7291 0.7298 0.7340 0.7361 0.7363 0.7384 0.7464 0.7465 0.7475 0.7540 0.7561 0.7619 0.7628 0.7638 0.7673 0.7678 0.7685 0.7720 0.7722 0.7749 0.7771 0.7836 0.7839 0.7847 0.7870 0.7873 0.7897 0.7940 0.7949 0.7994 0.8018 0.8112 0.8126 0.8126 0.8134 0.8173 0.8194 0.8208 0.8227 0.8244 0.8263 0.8287 0.8288 0.8292 0.8353 0.8360 0.8385 0.8425 0.8440 0.8441 0.8533 0.8564 0.8596 0.8599 0.8604 0.8622 0.8649 0.8655 0.8659 0.8664 0.8678 0.8678 0.8681 0.8697 0.8702 0.8730 0.8738 0.8768 0.8769 0.8805 0.8858 0.8863 0.8864 0.8955 0.8958 0.8969 0.9005 0.9008 0.9012 0.9020 0.9034 0.9042 0.9060 0.9075 0.9084 0.9103 0.9126 0.9143 0.9174 0.9209 0.9215 0.9242 0.9250 0.9276 0.9317 0.9341 0.9350 0.9355 0.9361 0.9362 0.9369 0.9390 0.9393 0.9453 0.9460 0.9484 0.9489 0.9489 0.9526 0.9556 0.9579 0.9591 0.9604 0.9638 0.9680 0.9680 0.9689 0.9694 0.9708 0.9719 0.9745 0.9754 0.9775 0.9788 0.9827 0.9834 0.9873 0.9925 0.9930 0.9932 0.9948 0.9960 0.9983 0.9983 0.9999 
11010100010000100100101101110010100000100011110000110000011001000100101100111011101000001010010010000000001011111101000101101111101111101100010001101010110000000101001000010000000010000000111011000100100000110011000010100101010000110000010000100001001100100010001000100110000000100100010110011000100000010001000111101101100000011111100000101100001000011100011000000110010100111010001001100001010001000100110000010011101110000111001000011110010001000100000000001001000101000011011010100110101000000111
11110001000001100110111101110010000011110001110001100000001011000010101010110001010000001111010010100011000100100011100101101110100000101000000011100001110011010100001000000001000010000001100011001000101011010000100000110001011000110000010100100101100100101000110010110010101101101100010001011000100010011001000001101110000101110111100011000000011111110010011111100100010100110100100100100000010100000111100000110001110010000110010001011100010001101100011000100000000111000110001000000000111000011111
00000010001110000001000010001001011000000100001110001010100100110000000000000100000101000000100000010000110000000000010000000000000000000011100100010100001100000010100111000110110001111000000100100001010000000100011101000000100101001000100000000010010000010001000101000000010010010011001000100100011101100100111000010000001010000000000100010011100000000001000000011001100010000000010010001110100010111000001011001100000001001000100100000001000110000000000011010010011000110000000100000000000110100000
00001000100110011000000010000100011100001000000010001111000000011001010001000000000010110000001101001100100000000000001010010000010000010001001000000100000100101000010000101100001101101110000000010010000100001000001101001010100010000111001011011000000011010100000001001001000000000001101000000111011001000110011000000000011000000000011000010000000000000000100000010000001011000001010010011000101000100000001111001100000000111000000110100000101110010011100100000100101000101000100001011001000001000000
