/gpfs/main/home/scrisant/research/ms_dnaSeqSim/msdir/ms 8 1 -t 10.0 
19853 27514 38704

//
segsites: 32
positions: 0.0322 0.1269 0.1298 0.1303 0.1535 0.1582 0.1744 0.2146 0.2307 0.3203 0.3704 0.3707 0.3824 0.3938 0.4191 0.4339 0.4487 0.4958 0.5013 0.5401 0.5703 0.6540 0.6564 0.7023 0.7287 0.7477 0.7960 0.8152 0.8171 0.8722 0.8852 0.8980 
10100001010111000000000000100010
10100001010111000000000000010011
10100001010111000000000000000010
01010110001000101101011001000100
10100001010111000000000000010010
10100001010111000000100110010010
00001010100000010010000000001000
10100001010111000000000000000010
